1791271493 0.0 0.0
1791271495 0.0 0.0
1791271497 0.0 0.0
1791271499 0.0 0.0
1791271501 0.0 0.0
1791271503 0.0 0.0
1791271505 0.03383297644539618 1.0
1791271507 0.03383297644539618 1.0
1791271509 0.03811563169164878 1.0
1791271511 0.03811563169164878 1.0
1791271513 0.03811563169164878 1.0
1791271515 0.04111349036402567 1.0
1791271517 0.04111349036402567 1.0
1791271519 0.04496788008565311 1.0
1791271521 0.04496788008565311 1.0
1791271523 0.04796573875803001 1.0
1791271525 0.04796573875803001 1.0
1791271527 0.04796573875803001 1.0
1791271529 0.051820128479657335 1.0
1791271531 0.051820128479657335 1.0
1791271533 0.05438972162740896 1.0
1791271535 0.05438972162740896 1.0
1791271537 0.0582441113490364 1.0
1791271540 0.0582441113490364 1.0
1791271542 0.0582441113490364 1.0
1791271544 0.061670235546038565 1.0
1791271546 0.061670235546038565 1.0
1791271548 0.06466809421841546 1.0
1791271550 0.06466809421841546 1.0
1791271552 0.06466809421841546 1.0
1791271554 0.06852248394004279 1.0
1791271556 0.06852248394004279 1.0
1791271558 0.07152034261241969 1.0
1791271560 0.07152034261241969 1.0
1791271562 0.07152034261241969 1.0
1791271564 0.07537473233404712 1.0
1791271566 0.07537473233404712 1.0
1791271568 0.07794432548179875 1.0
1791271570 0.07794432548179875 1.0
1791271572 0.08179871520342608 1.0
1791271574 0.08179871520342608 1.0
1791271576 0.08179871520342608 1.0
1791271578 0.08479657387580297 1.0
1791271580 0.08479657387580297 1.0
1791271582 0.08822269807280514 1.0
1791271584 0.08822269807280514 1.0
1791271586 0.08822269807280514 1.0
1791271588 0.09207708779443258 1.0
1791271590 0.09207708779443258 1.0
1791271592 0.09507494646680947 1.0
1791271594 0.09507494646680947 1.0
1791271596 0.09507494646680947 1.0
1791271598 0.0989293361884368 1.0
1791271600 0.0989293361884368 1.0
1791271602 0.10149892933618843 1.0
1791271604 0.10149892933618843 1.0
1791271606 0.10149892933618843 1.0
1791271608 0.10535331905781586 1.0
1791271610 0.10535331905781586 1.0
1791271612 0.10835117773019276 1.0
1791271614 0.10835117773019276 1.0
1791271616 0.10835117773019276 1.0
1791271618 0.11220556745182009 1.0
1791271620 0.11220556745182009 1.0
1791271622 0.11563169164882225 1.0
1791271624 0.11563169164882225 1.0
1791271626 0.11862955032119915 1.0
1791271629 0.11862955032119915 1.0
1791271631 0.11862955032119915 1.0
1791271633 0.12248394004282659 1.0
1791271635 0.12248394004282659 1.0
1791271637 0.12248394004282659 1.0
1791271639 0.1250535331905781 1.0
1791271641 0.1250535331905781 1.0
1791271643 0.12890792291220554 1.0
1791271645 0.12890792291220554 1.0
1791271647 0.12890792291220554 1.0
1791271649 0.13190578158458244 1.0
1791271651 0.13190578158458244 1.0
1791271653 0.13576017130620988 1.0
1791271655 0.13576017130620988 1.0
1791271657 0.13576017130620988 1.0
1791271659 0.13875802997858677 1.0
1791271661 0.13875802997858677 1.0
1791271663 0.14218415417558883 1.0
1791271665 0.14218415417558883 1.0
1791271667 0.14218415417558883 1.0
1791271669 0.14603854389721627 1.0
1791271671 0.14603854389721627 1.0
1791271673 0.1486081370449679 1.0
1791271675 0.1486081370449679 1.0
1791271677 0.1486081370449679 1.0
1791271679 0.15246252676659533 1.0
1791271681 0.15246252676659533 1.0
1791271683 0.15546038543897212 1.0
1791271685 0.15546038543897212 1.0
1791271687 0.15546038543897212 1.0
1791271689 0.15931477516059955 1.0
1791271691 0.15931477516059955 1.0
1791271693 0.16231263383297645 1.0
1791271695 0.16231263383297645 1.0
1791271697 0.16231263383297645 1.0
1791271699 0.1661670235546039 1.0
1791271701 0.1661670235546039 1.0
1791271703 0.16959314775160594 1.0
1791271705 0.16959314775160594 1.0
1791271707 0.16959314775160594 1.0
1791271709 0.17216274089935757 1.0
1791271711 0.17216274089935757 1.0
1791271713 0.17216274089935757 1.0
1791271715 0.176017130620985 1.0
1791271717 0.176017130620985 1.0
1791271719 0.1790149892933619 1.0
1791271721 0.1790149892933619 1.0
1791271724 0.1790149892933619 1.0
1791271726 0.18286937901498934 1.0
1791271728 0.18286937901498934 1.0
1791271730 0.18586723768736613 1.0
1791271732 0.18586723768736613 1.0
1791271734 0.18586723768736613 1.0
1791271736 0.18972162740899357 1.0
1791271738 0.18972162740899357 1.0
1791271740 0.19271948608137046 1.0
1791271742 0.19271948608137046 1.0
1791271744 0.19271948608137046 1.0
1791271746 0.19571734475374736 1.0
1791271748 0.19571734475374736 1.0
1791271750 0.19571734475374736 1.0
1791271752 0.19957173447537468 1.0
1791271754 0.19957173447537468 1.0
1791271756 0.20256959314775158 1.0
1791271758 0.20256959314775158 1.0
1791271760 0.20256959314775158 1.0
1791271762 0.20642398286937902 1.0
1791271764 0.20642398286937902 1.0
1791271766 0.20942184154175592 1.0
1791271768 0.20942184154175592 1.0
1791271770 0.20942184154175592 1.0
1791271772 0.21327623126338324 1.0
1791271774 0.21327623126338324 1.0
1791271776 0.21627408993576014 1.0
1791271778 0.21627408993576014 1.0
1791271780 0.21627408993576014 1.0
1791271782 0.22012847965738758 1.0
1791271784 0.22012847965738758 1.0
1791271786 0.22012847965738758 1.0
1791271788 0.22312633832976447 1.0
1791271790 0.22312633832976447 1.0
1791271792 0.22612419700214137 1.0
1791271794 0.22612419700214137 1.0
1791271796 0.22612419700214137 1.0
1791271798 0.2299785867237687 1.0
1791271800 0.2299785867237687 1.0
1791271802 0.2299785867237687 1.0
1791271804 0.2329764453961456 1.0
1791271806 0.2329764453961456 1.0
1791271809 0.23683083511777303 1.0
1791271811 0.23683083511777303 1.0
1791271813 0.23683083511777303 1.0
1791271815 0.23982869379014993 1.0
1791271817 0.23982869379014993 1.0
1791271819 0.24368308351177725 1.0
1791271821 0.24368308351177725 1.0
1791271823 0.24368308351177725 1.0
1791271825 0.24625267665952888 1.0
1791271827 0.24625267665952888 1.0
1791271829 0.24625267665952888 1.0
1791271831 0.24967880085653105 1.0
1791271833 0.24967880085653105 1.0
1791271835 0.2535331905781585 1.0
1791271837 0.2535331905781585 1.0
1791271839 0.2535331905781585 1.0
1791271841 0.2565310492505354 1.0
1791271843 0.2565310492505354 1.0
1791271845 0.2603854389721627 1.0
1791271847 0.2603854389721627 1.0
1791271849 0.2603854389721627 1.0
1791271851 0.2633832976445396 1.0
1791271853 0.2633832976445396 1.0
1791271855 0.2633832976445396 1.0
1791271857 0.26723768736616704 1.0
1791271859 0.26723768736616704 1.0
1791271861 0.26980728051391867 1.0
1791271863 0.26980728051391867 1.0
1791271865 0.26980728051391867 1.0
1791271867 0.273661670235546 1.0
1791271869 0.273661670235546 1.0
1791271871 0.273661670235546 1.0
1791271873 0.27708779443254816 1.0
1791271875 0.27708779443254816 1.0
1791271877 0.28008565310492506 1.0
1791271879 0.28008565310492506 1.0
1791271881 0.28008565310492506 1.0
1791271883 0.2839400428265525 1.0
1791271885 0.2839400428265525 1.0
1791271887 0.2839400428265525 1.0
1791271889 0.2869379014989293 1.0
1791271891 0.2869379014989293 1.0
1791271893 0.2907922912205567 1.0
1791271895 0.2907922912205567 1.0
1791271897 0.2907922912205567 1.0
1791271899 0.29336188436830835 1.0
1791271902 0.29336188436830835 1.0
1791271904 0.29336188436830835 1.0
1791271906 0.2972162740899358 1.0
1791271908 0.2972162740899358 1.0
1791271910 0.3002141327623127 1.0
1791271912 0.3002141327623127 1.0
1791271914 0.3002141327623127 1.0
1791271916 0.30364025695931474 1.0
1791271918 0.30364025695931474 1.0
1791271920 0.30364025695931474 1.0
1791271922 0.3074946466809422 1.0
1791271924 0.3074946466809422 1.0
1791271926 0.31049250535331907 1.0
1791271928 0.31049250535331907 1.0
1791271930 0.31049250535331907 1.0
1791271932 0.3143468950749465 1.0
1791271934 0.3143468950749465 1.0
1791271936 0.3143468950749465 1.0
1791271938 0.316916488222698 1.0
1791271940 0.316916488222698 1.0
1791271942 0.32077087794432546 1.0
1791271944 0.32077087794432546 1.0
1791271946 0.32077087794432546 1.0
1791271948 0.32376873661670236 1.0
1791271950 0.32376873661670236 1.0
1791271952 0.32376873661670236 1.0
1791271954 0.3276231263383298 1.0
1791271956 0.3276231263383298 1.0
1791271958 0.3276231263383298 1.0
1791271960 0.33104925053533185 1.0
1791271962 0.33104925053533185 1.0
1791271964 0.33404710920770875 1.0
1791271966 0.33404710920770875 1.0
1791271968 0.33404710920770875 1.0
1791271970 0.3379014989293362 1.0
1791271972 0.3379014989293362 1.0
1791271974 0.3379014989293362 1.0
1791271976 0.3404710920770878 1.0
1791271978 0.3404710920770878 1.0
1791271980 0.34432548179871525 1.0
1791271982 0.34432548179871525 1.0
1791271984 0.34432548179871525 1.0
1791271986 0.34732334047109203 1.0
1791271988 0.34732334047109203 1.0
1791271990 0.34732334047109203 1.0
1791271992 0.3511777301927195 1.0
1791271995 0.3511777301927195 1.0
1791271997 0.3511777301927195 1.0
1791271999 0.35417558886509637 1.0
1791272001 0.35417558886509637 1.0
1791272003 0.35760171306209854 1.0
1791272005 0.35760171306209854 1.0
1791272007 0.35760171306209854 1.0
1791272009 0.36145610278372586 1.0
1791272011 0.36145610278372586 1.0
1791272013 0.36145610278372586 1.0
1791272015 0.3640256959314775 1.0
1791272017 0.3640256959314775 1.0
1791272019 0.3640256959314775 1.0
1791272021 0.3678800856531049 1.0
1791272023 0.3678800856531049 1.0
1791272025 0.3708779443254818 1.0
1791272027 0.3708779443254818 1.0
1791272029 0.3708779443254818 1.0
1791272031 0.37473233404710926 1.0
1791272033 0.37473233404710926 1.0
1791272035 0.37473233404710926 1.0
1791272037 0.37773019271948605 1.0
1791272039 0.37773019271948605 1.0
1791272041 0.37773019271948605 1.0
1791272043 0.3815845824411135 1.0
1791272045 0.3815845824411135 1.0
1791272047 0.3815845824411135 1.0
1791272049 0.38501070663811565 1.0
1791272051 0.38501070663811565 1.0
1791272053 0.3875802997858673 1.0
1791272055 0.3875802997858673 1.0
1791272057 0.3875802997858673 1.0
1791272059 0.3914346895074946 1.0
1791272061 0.3914346895074946 1.0
1791272063 0.3914346895074946 1.0
1791272065 0.3944325481798715 1.0
1791272067 0.3944325481798715 1.0
1791272069 0.3944325481798715 1.0
1791272071 0.39828693790149894 1.0
1791272073 0.39828693790149894 1.0
1791272075 0.39828693790149894 1.0
1791272077 0.40128479657387583 1.0
1791272079 0.40128479657387583 1.0
1791272081 0.40513918629550316 1.0
1791272083 0.40513918629550316 1.0
1791272085 0.40513918629550316 1.0
1791272087 0.40813704496788006 1.0
1791272089 0.40813704496788006 1.0
1791272092 0.40813704496788006 1.0
1791272094 0.41113490364025695 1.0
1791272096 0.41113490364025695 1.0
1791272098 0.41113490364025695 1.0
1791272100 0.4149892933618844 1.0
1791272102 0.4149892933618844 1.0
1791272104 0.4149892933618844 1.0
1791272106 0.4179871520342613 1.0
1791272108 0.4179871520342613 1.0
1791272110 0.4218415417558886 1.0
1791272112 0.4218415417558886 1.0
1791272114 0.4218415417558886 1.0
1791272116 0.4248394004282655 1.0
1791272118 0.4248394004282655 1.0
1791272120 0.4248394004282655 1.0
1791272122 0.42869379014989295 1.0
1791272124 0.42869379014989295 1.0
1791272126 0.42869379014989295 1.0
1791272128 0.43169164882226985 1.0
1791272130 0.43169164882226985 1.0
1791272132 0.43169164882226985 1.0
1791272134 0.4355460385438972 1.0
1791272136 0.4355460385438972 1.0
1791272138 0.4355460385438972 1.0
1791272140 0.43854389721627407 1.0
1791272142 0.43854389721627407 1.0
1791272144 0.44154175588865097 1.0
1791272146 0.44154175588865097 1.0
1791272148 0.44154175588865097 1.0
1791272150 0.4453961456102784 1.0
1791272152 0.4453961456102784 1.0
1791272154 0.4453961456102784 1.0
1791272156 0.4483940042826553 1.0
1791272158 0.4483940042826553 1.0
1791272160 0.4483940042826553 1.0
1791272162 0.45224839400428263 1.0
1791272164 0.45224839400428263 1.0
1791272166 0.45224839400428263 1.0
1791272168 0.4552462526766595 1.0
1791272170 0.4552462526766595 1.0
1791272172 0.4552462526766595 1.0
1791272174 0.45910064239828696 1.0
1791272176 0.45910064239828696 1.0
1791272178 0.45910064239828696 1.0
1791272180 0.4616702355460386 1.0
1791272183 0.4616702355460386 1.0
1791272185 0.4616702355460386 1.0
1791272187 0.46509635974304064 1.0
1791272189 0.46509635974304064 1.0
1791272191 0.46509635974304064 1.0
1791272193 0.4689507494646681 1.0
1791272195 0.4689507494646681 1.0
1791272197 0.471948608137045 1.0
1791272199 0.471948608137045 1.0
1791272201 0.471948608137045 1.0
1791272203 0.4758029978586724 1.0
1791272205 0.4758029978586724 1.0
1791272207 0.4758029978586724 1.0
1791272209 0.4788008565310492 1.0
1791272211 0.4788008565310492 1.0
1791272213 0.4788008565310492 1.0
1791272215 0.48265524625267664 1.0
1791272217 0.48265524625267664 1.0
1791272219 0.48265524625267664 1.0
1791272221 0.48522483940042827 1.0
1791272223 0.48522483940042827 1.0
1791272225 0.48522483940042827 1.0
1791272227 0.4890792291220557 1.0
1791272229 0.4890792291220557 1.0
1791272231 0.4890792291220557 1.0
1791272233 0.49250535331905787 1.0
1791272235 0.49250535331905787 1.0
1791272237 0.49250535331905787 1.0
1791272239 0.49550321199143466 1.0
1791272241 0.49550321199143466 1.0
1791272243 0.49550321199143466 1.0
1791272245 0.4993576017130621 1.0
1791272247 0.4993576017130621 1.0
1791272249 0.4993576017130621 1.0
1791272251 0.502355460385439 1.0
1791272253 0.502355460385439 1.0
1791272255 0.502355460385439 1.0
1791272257 0.5062098501070664 1.0
1791272259 0.5062098501070664 1.0
1791272261 0.5062098501070664 1.0
1791272263 0.508779443254818 1.0
1791272265 0.508779443254818 1.0
1791272267 0.508779443254818 1.0
1791272269 0.5126338329764454 1.0
1791272271 0.5126338329764454 1.0
1791272273 0.5126338329764454 1.0
1791272276 0.5156316916488223 1.0
1791272278 0.5156316916488223 1.0
1791272280 0.5156316916488223 1.0
1791272282 0.5190578158458243 1.0
1791272284 0.5190578158458243 1.0
1791272286 0.5229122055674518 1.0
1791272288 0.5229122055674518 1.0
1791272290 0.5229122055674518 1.0
1791272292 0.5259100642398287 1.0
1791272294 0.5259100642398287 1.0
1791272296 0.5259100642398287 1.0
1791272298 0.5297644539614561 1.0
1791272300 0.5297644539614561 1.0
1791272302 0.5297644539614561 1.0
1791272304 0.5323340471092077 1.0
1791272306 0.5323340471092077 1.0
1791272308 0.5323340471092077 1.0
1791272310 0.5361884368308352 1.0
1791272312 0.5361884368308352 1.0
1791272314 0.5361884368308352 1.0
1791272316 0.5391862955032121 1.0
1791272318 0.5391862955032121 1.0
1791272320 0.5391862955032121 1.0
1791272322 0.5430406852248394 1.0
1791272324 0.5430406852248394 1.0
1791272326 0.5430406852248394 1.0
1791272328 0.5464668094218416 1.0
1791272330 0.5464668094218416 1.0
1791272332 0.5464668094218416 1.0
1791272334 0.5494646680942183 1.0
1791272336 0.5494646680942183 1.0
1791272338 0.5494646680942183 1.0
1791272340 0.5533190578158458 1.0
1791272342 0.5533190578158458 1.0
1791272344 0.5533190578158458 1.0
1791272346 0.5558886509635974 1.0
1791272348 0.5558886509635974 1.0
1791272350 0.5558886509635974 1.0
1791272352 0.5597430406852248 1.0
1791272354 0.5597430406852248 1.0
1791272356 0.5597430406852248 1.0
1791272358 0.5627408993576017 1.0
1791272360 0.5627408993576017 1.0
1791272362 0.5627408993576017 1.0
1791272364 0.5665952890792292 1.0
1791272367 0.5665952890792292 1.0
1791272369 0.5665952890792292 1.0
1791272371 0.5695931477516061 1.0
1791272373 0.5695931477516061 1.0
1791272375 0.5695931477516061 1.0
1791272377 0.5695931477516061 1.0
1791272379 0.5730192719486081 1.0
1791272381 0.5730192719486081 1.0
1791272383 0.5730192719486081 1.0
1791272385 0.5768736616702356 1.0
1791272387 0.5768736616702356 1.0
1791272389 0.5768736616702356 1.0
1791272391 0.5794432548179871 1.0
1791272393 0.5794432548179871 1.0
1791272395 0.5794432548179871 1.0
1791272397 0.5832976445396145 1.0
1791272399 0.5832976445396145 1.0
1791272401 0.5832976445396145 1.0
1791272403 0.5862955032119914 1.0
1791272405 0.5862955032119914 1.0
1791272407 0.5862955032119914 1.0
1791272409 0.5901498929336189 1.0
1791272411 0.5901498929336189 1.0
1791272413 0.5901498929336189 1.0
1791272415 0.5931477516059958 1.0
1791272417 0.5931477516059958 1.0
1791272419 0.5931477516059958 1.0
1791272421 0.5970021413276232 1.0
1791272423 0.5970021413276232 1.0
1791272425 0.5970021413276232 1.0
1791272427 0.6004282655246252 1.0
1791272429 0.6004282655246252 1.0
1791272431 0.6004282655246252 1.0
1791272433 0.6029978586723769 1.0
1791272435 0.6029978586723769 1.0
1791272437 0.6029978586723769 1.0
1791272439 0.6068522483940042 1.0
1791272441 0.6068522483940042 1.0
1791272443 0.6068522483940042 1.0
1791272445 0.6098501070663811 1.0
1791272447 0.6098501070663811 1.0
1791272449 0.6098501070663811 1.0
1791272451 0.6137044967880085 1.0
1791272453 0.6137044967880085 1.0
1791272455 0.6137044967880085 1.0
1791272457 0.6167023554603854 1.0
1791272460 0.6167023554603854 1.0
1791272462 0.6167023554603854 1.0
1791272464 0.6167023554603854 1.0
1791272466 0.6205567451820129 1.0
1791272468 0.6205567451820129 1.0
1791272470 0.6205567451820129 1.0
1791272472 0.6235546038543898 1.0
1791272474 0.6235546038543898 1.0
1791272476 0.6235546038543898 1.0
1791272478 0.6265524625267667 1.0
1791272480 0.6265524625267667 1.0
1791272482 0.6265524625267667 1.0
1791272484 0.630406852248394 1.0
1791272486 0.630406852248394 1.0
1791272488 0.630406852248394 1.0
1791272490 0.6334047109207709 1.0
1791272492 0.6334047109207709 1.0
1791272494 0.6334047109207709 1.0
1791272496 0.6372591006423982 1.0
1791272498 0.6372591006423982 1.0
1791272500 0.6372591006423982 1.0
1791272502 0.6402569593147751 1.0
1791272504 0.6402569593147751 1.0
1791272506 0.6402569593147751 1.0
1791272508 0.6402569593147751 1.0
1791272510 0.6441113490364025 1.0
1791272512 0.6441113490364025 1.0
1791272514 0.6441113490364025 1.0
1791272516 0.6471092077087794 1.0
1791272518 0.6471092077087794 1.0
1791272520 0.6471092077087794 1.0
1791272522 0.6509635974304069 1.0
1791272524 0.6509635974304069 1.0
1791272526 0.6509635974304069 1.0
1791272528 0.6539614561027838 1.0
1791272530 0.6539614561027838 1.0
1791272532 0.6539614561027838 1.0
1791272534 0.6569593147751607 1.0
1791272536 0.6569593147751607 1.0
1791272538 0.6569593147751607 1.0
1791272540 0.660813704496788 1.0
1791272542 0.660813704496788 1.0
1791272544 0.660813704496788 1.0
1791272546 0.6638115631691649 1.0
1791272548 0.6638115631691649 1.0
1791272550 0.6638115631691649 1.0
1791272552 0.6638115631691649 1.0
1791272554 0.6676659528907922 1.0
1791272557 0.6676659528907922 1.0
1791272559 0.6676659528907922 1.0
1791272561 0.6706638115631691 1.0
1791272563 0.6706638115631691 1.0
1791272565 0.6706638115631691 1.0
1791272567 0.6745182012847966 1.0
1791272569 0.6745182012847966 1.0
1791272571 0.6745182012847966 1.0
1791272573 0.6770877944325482 1.0
1791272575 0.6770877944325482 1.0
1791272577 0.6770877944325482 1.0
1791272579 0.6770877944325482 1.0
1791272581 0.6805139186295504 1.0
1791272583 0.6805139186295504 1.0
1791272585 0.6805139186295504 1.0
1791272587 0.6843683083511778 1.0
1791272589 0.6843683083511778 1.0
1791272591 0.6843683083511778 1.0
1791272593 0.6873661670235547 1.0
1791272595 0.6873661670235547 1.0
1791272597 0.6873661670235547 1.0
1791272599 0.691220556745182 1.0
1791272601 0.691220556745182 1.0
1791272603 0.691220556745182 1.0
1791272605 0.6942184154175589 1.0
1791272607 0.6942184154175589 1.0
1791272609 0.6942184154175589 1.0
1791272611 0.6942184154175589 1.0
1791272613 0.6980728051391862 1.0
1791272615 0.6980728051391862 1.0
1791272617 0.6980728051391862 1.0
1791272619 0.7006423982869379 1.0
1791272621 0.7006423982869379 1.0
1791272623 0.7006423982869379 1.0
1791272625 0.7044967880085653 1.0
1791272627 0.7044967880085653 1.0
1791272629 0.7044967880085653 1.0
1791272631 0.7079229122055675 1.0
1791272633 0.7079229122055675 1.0
1791272635 0.7079229122055675 1.0
1791272637 0.7079229122055675 1.0
1791272639 0.7109207708779444 1.0
1791272641 0.7109207708779444 1.0
1791272643 0.7109207708779444 1.0
1791272645 0.7147751605995718 1.0
1791272647 0.7147751605995718 1.0
1791272649 0.7147751605995718 1.0
1791272652 0.7177730192719486 1.0
1791272654 0.7177730192719486 1.0
1791272656 0.7177730192719486 1.0
1791272658 0.721627408993576 1.0
1791272660 0.721627408993576 1.0
1791272662 0.721627408993576 1.0
1791272664 0.721627408993576 1.0
1791272666 0.7241970021413277 1.0
1791272668 0.7241970021413277 1.0
1791272670 0.7241970021413277 1.0
1791272672 0.728051391862955 1.0
1791272674 0.728051391862955 1.0
1791272676 0.728051391862955 1.0
1791272678 0.7310492505353319 1.0
1791272680 0.7310492505353319 1.0
1791272682 0.7310492505353319 1.0
1791272684 0.7310492505353319 1.0
1791272686 0.734475374732334 1.0
1791272688 0.734475374732334 1.0
1791272690 0.734475374732334 1.0
1791272692 0.7383297644539615 1.0
1791272694 0.7383297644539615 1.0
1791272696 0.7383297644539615 1.0
1791272698 0.7413276231263384 1.0
1791272700 0.7413276231263384 1.0
1791272702 0.7413276231263384 1.0
1791272704 0.7451820128479658 1.0
1791272706 0.7451820128479658 1.0
1791272708 0.7451820128479658 1.0
1791272710 0.7451820128479658 1.0
1791272712 0.7477516059957173 1.0
1791272714 0.7477516059957173 1.0
1791272716 0.7477516059957173 1.0
1791272718 0.7516059957173448 1.0
1791272720 0.7516059957173448 1.0
1791272722 0.7516059957173448 1.0
1791272724 0.7546038543897217 1.0
1791272726 0.7546038543897217 1.0
1791272728 0.7546038543897217 1.0
1791272730 0.7546038543897217 1.0
1791272732 0.758458244111349 1.0
1791272734 0.758458244111349 1.0
1791272736 0.758458244111349 1.0
1791272738 0.7618843683083512 1.0
1791272740 0.7618843683083512 1.0
1791272742 0.7618843683083512 1.0
1791272744 0.764882226980728 1.0
1791272746 0.764882226980728 1.0
1791272748 0.764882226980728 1.0
1791272750 0.764882226980728 1.0
1791272753 0.7687366167023555 1.0
1791272755 0.7687366167023555 1.0
1791272757 0.7687366167023555 1.0
1791272759 0.7713062098501071 1.0
1791272761 0.7713062098501071 1.0
1791272763 0.7713062098501071 1.0
1791272765 0.7751605995717344 1.0
1791272767 0.7751605995717344 1.0
1791272769 0.7751605995717344 1.0
1791272771 0.7751605995717344 1.0
1791272773 0.7781584582441113 1.0
1791272775 0.7781584582441113 1.0
1791272777 0.7781584582441113 1.0
1791272779 0.7820128479657388 1.0
1791272781 0.7820128479657388 1.0
1791272783 0.7820128479657388 1.0
1791272785 0.7820128479657388 1.0
1791272787 0.7850107066381156 1.0
1791272789 0.7850107066381156 1.0
1791272791 0.7850107066381156 1.0
1791272793 0.7884368308351177 1.0
1791272795 0.7884368308351177 1.0
1791272797 0.7884368308351177 1.0
1791272799 0.7922912205567452 1.0
1791272801 0.7922912205567452 1.0
1791272803 0.7922912205567452 1.0
1791272805 0.7922912205567452 1.0
1791272807 0.7948608137044968 1.0
1791272809 0.7948608137044968 1.0
1791272811 0.7948608137044968 1.0
1791272813 0.7987152034261242 1.0
1791272815 0.7987152034261242 1.0
1791272817 0.7987152034261242 1.0
1791272819 0.7987152034261242 1.0
1791272821 0.8017130620985011 1.0
1791272823 0.8017130620985011 1.0
1791272825 0.8017130620985011 1.0
1791272827 0.8055674518201285 1.0
1791272829 0.8055674518201285 1.0
1791272831 0.8055674518201285 1.0
1791272833 0.8085653104925054 1.0
1791272835 0.8085653104925054 1.0
1791272837 0.8085653104925054 1.0
1791272839 0.8085653104925054 1.0
1791272841 0.8124197002141328 1.0
1791272843 0.8124197002141328 1.0
1791272845 0.8124197002141328 1.0
1791272847 0.8158458244111348 1.0
1791272849 0.8158458244111348 1.0
1791272851 0.8158458244111348 1.0
1791272854 0.8184154175588865 1.0
1791272856 0.8184154175588865 1.0
1791272858 0.8184154175588865 1.0
1791272860 0.8184154175588865 1.0
1791272862 0.8222698072805139 1.0
1791272864 0.8222698072805139 1.0
1791272866 0.8222698072805139 1.0
1791272868 0.8252676659528908 1.0
1791272870 0.8252676659528908 1.0
1791272872 0.8252676659528908 1.0
1791272874 0.8252676659528908 1.0
1791272876 0.8291220556745182 1.0
1791272878 0.8291220556745182 1.0
1791272880 0.8291220556745182 1.0
1791272882 0.8321199143468951 1.0
1791272884 0.8321199143468951 1.0
1791272886 0.8321199143468951 1.0
1791272888 0.8359743040685225 1.0
1791272890 0.8359743040685225 1.0
1791272892 0.8359743040685225 1.0
1791272894 0.8359743040685225 1.0
1791272896 0.8389721627408994 1.0
1791272898 0.8389721627408994 1.0
1791272900 0.8389721627408994 1.0
1791272902 0.8419700214132763 1.0
1791272904 0.8419700214132763 1.0
1791272906 0.8419700214132763 1.0
1791272908 0.8419700214132763 1.0
1791272910 0.8458244111349036 1.0
1791272912 0.8458244111349036 1.0
1791272914 0.8458244111349036 1.0
1791272916 0.844967880085653 1.0
1791272918 0.844967880085653 1.0
1791272920 0.844967880085653 1.0
1791272922 0.8346895074946467 1.0
